29
0 -5.7975e-05 0 -0.000240549 0 0 0 0 -0 
0 -0.000255471 0 0.28917 0 0 -0.25 0 -0 
0 -0.000255471 -0.212874 0.28917 0 0 -0.25 0 -0 
0 -0.000255471 -0.676573 0.28917 0 0 -0.25 0 -0 
0 -0.000255471 -0.928403 0.28917 0 0 -0.25 0 -0 
0 -0.000255471 -0.960322 0.28917 0 0 -0.25 0 -0 
0 -0.000255471 0.23851 0.28917 0 0 -0.25 0 -0 
0 -0.000255471 0.431278 0.28917 0 0 -0.25 0 -0 
0 -0.000255471 0.702209 0.28917 0 0 -0.25 0 -0 
0 -0.157067 0 -0.000429213 0 0 -0.25 0 -0 
0 -0.451335 0 0.279548 0 0 -0.25 0 -0 
0.0834407 -0.451335 -0.212874 0.279548 0 0 -0.25 0 -0 
0.0834407 -0.451335 -0.49612 0.279548 0 0 -0.25 0 -0 
0.0834407 -0.451335 -0.819076 0.279548 0 0 -0.25 0 -0 
0.0834407 -0.451335 0.650687 0.279548 0 0 -0.25 0 -0 
0.0834407 -0.451335 0.367441 0.279548 0 0 -0.25 0 -0 
0.0834407 -0.451335 -0.135465 0.279548 0 0 -0.25 0 -0 
0.0834407 -0.451335 -0.135465 0.443874 0 0 -0.25 0 -0 
0.0834407 -0.451335 -0.135465 0.685741 0 0 -0.25 0 -0 
0.0834407 -0.451335 -0.135465 0.850067 0 0 -0.25 0 -0 
0.0834407 -0.451335 -0.457667 0.850067 0 0 -0.25 0 -0 
0.0834407 -0.451335 -0.741416 0.850067 0 0 -0.25 0 -0 
0.0834407 -0.451335 0.341554 0.850067 0 0 -0.25 0 -0 
0.0834407 -0.451335 0.586347 0.850067 0 0 -0.25 0 -0 
0.0834407 -0.451335 0.186988 0.850067 0 0 -0.25 0 -0 
0.0834407 -0.903008 0.070623 0.579146 0 0 -0.25 0 -0 
0.0834407 -0.903008 -0.625051 0.579146 0 0 -0.25 0 -0 
0.0834407 -0.903008 -0.960322 0.579146 0 0 -0.25 0 -0 
0.0834407 -0.903008 0.380007 0.579146 0 0 -0.25 0 -0 
