29
0.0397123 0.254476 0.953876
0.501161 8.86046e-08 -0.312292
-0.0449524 0.242782 0.925784
0.492537 0.0807227 -0.312294
-0.207507 0.282421 0.84789
0.416997 0.239231 -0.312313
-0.261731 0.323633 0.794794
0.347989 0.30592 -0.31233
-0.261441 0.323136 0.787126
0.33811 0.313069 -0.312333
0.130454 0.256881 0.95799
0.490345 -0.0902687 -0.312294
0.193054 0.279974 0.934795
0.466175 -0.159723 -0.312301
0.287697 0.321865 0.908413
0.410767 -0.246789 -0.312315
0.0348237 0.083866 0.874051
0.53541 8.86046e-08 -0.136354
0.0389833 0.0468916 0.911698
0.598176 8.86046e-08 -0.110803
-0.047006 0.051133 0.895618
0.590399 0.0901558 -0.107433
-0.161123 0.0706351 0.863516
0.556638 0.19253 -0.115292
-0.255762 0.125768 0.798376
0.488925 0.292365 -0.139877
0.266748 0.145044 0.92449
0.527778 -0.219029 -0.16375
0.158532 0.081353 0.927248
0.575179 -0.126894 -0.132989
-0.0204791 0.0408367 0.913889
0.59502 0.0608892 -0.107633
-0.0251129 0.0915645 0.959351
0.60566 0.0637141 -0.17087
-0.0360479 0.176191 0.996063
0.602353 0.065578 -0.265147
-0.0314058 0.238159 1.02221
0.587307 0.065237 -0.327546
-0.12035 0.24414 0.993389
0.56375 0.151561 -0.331784
-0.18705 0.269589 0.968535
0.523653 0.218149 -0.345718
0.0765449 0.298377 1.01375
0.575095 -0.0650541 -0.344383
0.148857 0.314649 1.01458
0.547639 -0.124709 -0.362726
0.0449066 0.253859 1.04057
0.585229 -0.0239879 -0.336019
0.0678277 -0.0621162 0.927232
0.658787 -0.0248352 0.00712162
-0.17216 -0.0245626 0.883574
0.619237 0.203021 -0.0241448
-0.259369 0.0554288 0.839296
0.568854 0.28825 -0.0811234
0.172261 -0.0342069 0.938124
0.644193 -0.125754 -0.0198878
0.0436788 0.166298 0.905166
0.512011 0 -0.223983
