4    11.670   -1.373    4.098  -53.042    5.121    6.271 
1     6.206   13.357   -8.413  -57.512    2.780  -66.365 
2     7.812    8.699   -2.767 -137.552  -81.641   79.340 
3     8.000    8.559    2.465  -65.071   -5.603   -1.587 
4    11.669   -1.386    4.113  -53.111    5.156    6.426 
1     6.210   13.355   -8.412  -57.532    2.770  -66.352 
2     7.814    8.697   -2.766 -137.575  -81.632   79.349 
3     8.000    8.559    2.465  -65.067   -5.603   -1.587 
4    11.666   -1.369    4.110  -52.849    5.252    6.505 
1     6.210   13.354   -8.413  -57.532    2.772  -66.360 
2     7.814    8.697   -2.766 -137.558  -81.634   79.333 
3     8.000    8.559    2.465  -65.063   -5.603   -1.586 
4    11.667   -1.362    4.100  -52.806    5.237    6.389 
3     0.804   21.204  -12.1