4    14.382   -0.413    3.815  -55.264    9.605   -9.329 
1     6.369   13.253   -8.415  -58.376    2.212  -66.124 
2     8.772    9.101   -2.667   17.090  -83.729  -75.428 
3    10.683    9.317    2.342  -67.788   -3.716  -15.814 
4    14.393   -0.448    3.805  -55.613    9.554   -9.416 
1     6.369   13.253   -8.415  -58.376    2.212  -66.124 
2     8.772    9.101   -2.668   17.162  -83.726  -75.499 
3    10.684    9.317    2.340  -67.792   -3.728  -15.819 
4    14.391   -0.466    3.805  -55.784    9.662   -9.339 
1     6.369   13.253   -8.415  -58.374    2.210  -66.124 
2     8.772    9.101   -2.667   17.093  -83.729  -75.427 
3    10.685    9.315    2.341  -67.797   -3.717  -15.815 
4    14.382   -0.467    3.815  -55.885    9.566   -9.275 
3     0.804   21.204  -12.1