1     6.087   13.419   -8.420  -56.696    3.084  -66.674 
2     7.431    8.463   -2.899 -140.516  -74.479   82.186 
3     6.813    8.083    2.318  -63.243   -5.893    5.136 
4    10.578   -1.843    3.945  -48.442    2.229   13.070 
1     6.090   13.420   -8.420  -56.684    3.080  -66.675 
2     7.434    8.464   -2.898 -140.547  -74.475   82.223 
3     6.815    8.085    2.318  -63.235   -5.892    5.138 
4    10.576   -1.849    3.958  -48.484    2.121   13.070 
1     6.089   13.420   -8.419  -56.685    3.082  -66.673 
2     7.432    8.464   -2.898 -140.545  -74.475   82.227 
3     6.814    8.085    2.318  -63.237   -5.900    5.138 
4    10.565   -1.861    3.970  -48.776    1.954   13.015 
3     0.804   21.204  -12.1