4    12.855   -1.062    3.989  -47.508    6.959    3.156 
1     6.316   13.319   -8.445  -57.072    3.361  -70.079 
2     8.109    8.789   -2.739 -121.001  -85.557   63.308 
3     8.906    8.696    2.492  -65.556   -4.121   -6.031 
4    12.852   -1.067    3.992  -47.744    6.848    3.082 
1     6.316   13.319   -8.445  -57.068    3.357  -70.080 
2     8.109    8.789   -2.740 -121.013  -85.563   63.320 
3     8.906    8.697    2.492  -65.552   -4.125   -6.030 
4    12.853   -1.098    3.998  -48.183    6.678    2.973 
1     6.316   13.320   -8.445  -57.067    3.359  -70.074 
2     8.110    8.789   -2.740 -121.046  -85.561   63.350 
3     8.906    8.697    2.491  -65.551   -4.125   -6.036 
4    12.853   -1.084    3.983  -47.950    6.918    3.093 
3     0.804   21.204  -12.1