4    17.544    0.634    2.653  -62.666   11.968  -28.362 
1     6.381   13.209   -8.408  -58.307    2.112  -66.195 
2    10.015    9.519   -2.820   27.729  -65.423  -87.495 
3    13.800   10.200    1.332  -70.773   -2.976  -33.786 
4    17.546    0.623    2.657  -62.808   11.986  -28.284 
1     6.381   13.209   -8.408  -58.306    2.112  -66.196 
2    10.015    9.519   -2.821   27.742  -65.418  -87.508 
3    13.802   10.197    1.332  -70.796   -2.983  -33.790 
4    17.526    0.671    2.638  -62.498   11.629  -28.654 
1     6.382   13.209   -8.409  -58.308    2.114  -66.195 
2    10.015    9.520   -2.823   27.769  -65.395  -87.540 
3    13.801   10.201    1.329  -70.787   -2.970  -33.808 
4    17.548    0.608    2.616  -62.936   11.740  -28.803 
3     0.804   21.204  -12.1