1     5.784   13.543   -8.548  -53.917    5.025  -71.891 
2     6.884    7.759   -3.447 -139.645  -57.376   80.072 
3     4.372    6.538    1.502  -56.042   -3.756   22.829 
4     8.743   -3.172    2.931  -40.353   -8.274   32.849 
1     5.784   13.543   -8.547  -53.919    5.026  -71.884 
2     6.884    7.759   -3.447 -139.647  -57.376   80.074 
3     4.372    6.538    1.502  -56.042   -3.756   22.831 
4     8.743   -3.177    2.927  -40.395   -8.244   32.814 
1     5.783   13.544   -8.546  -53.912    5.029  -71.883 
2     6.883    7.759   -3.448 -139.640  -57.378   80.075 
3     4.372    6.538    1.502  -56.044   -3.755   22.831 
4     8.743   -3.169    2.928  -40.336   -8.242   32.864 
3     0.804   21.204  -12.1